[background.jpg]
filters=Vignette=1,21.637426,1.400000,0.000000,00000000;FocalZoom=1,0.500000,0.500000,5.052631,50.000000,50.000000,0.000000;Soften=1,100.000000,74.269012;
moddate=568c3fc5e239d701
width=1000
height=667
textactive=0
